6 5 100
刘冲
1 1 1 1 0 
1 1 0 0 1 
0 1 0 0 0 
1 0 1 0 1 
0 1 0 0 1 
1 1 1 1 1 
吴精丰
1 1 1 1 1 
1 1 1 0 1 
0 0 0 0 0 
1 1 1 0 0 
1 1 1 1 0 
1 1 1 1 0 
崔亚菲
1 1 1 1 1 
1 1 1 1 1 
0 0 0 0 1 
1 1 1 0 1 
1 1 1 0 1 
0 0 0 1 0 
张君告
1 1 0 1 0 
1 0 1 1 1 
0 0 0 1 0 
0 1 0 1 1 
0 1 1 1 0 
1 0 0 1 0 
张超帅
1 1 1 1 1 
1 1 1 1 1 
0 0 0 0 0 
1 1 1 0 1 
1 0 1 0 1 
1 1 1 1 1 
彭锦兰
1 1 1 1 1 
1 1 1 1 1 
0 0 0 0 0 
1 1 1 0 0 
0 1 1 0 0 
1 1 1 1 1 
李南星
1 1 1 1 1 
1 1 1 1 1 
0 1 1 1 1 
1 1 1 0 1 
1 1 1 0 0 
1 1 0 0 0 
李名扬
0 1 1 1 1 
1 1 1 1 1 
0 0 0 0 0 
1 1 1 0 0 
1 0 1 1 0 
1 1 1 1 0 
梁雨果
0 1 1 1 1 
0 0 1 1 1 
0 1 0 0 0 
1 1 1 0 1 
0 1 1 0 1 
0 1 0 1 1 
王一帆
1 1 1 1 1 
1 1 1 1 1 
1 1 0 1 0 
1 1 1 0 1 
1 1 0 1 0 
1 1 1 1 0 
王林凤
1 1 1 1 1 
1 1 1 1 1 
0 0 0 0 0 
1 1 0 0 1 
1 1 1 0 0 
1 0 0 1 0 
王艳丽
0 1 0 1 0 
1 1 1 1 1 
0 0 0 0 0 
0 1 0 0 1 
0 1 0 0 1 
0 0 1 0 1 
郭帅娟
1 1 1 1 1 
1 1 1 1 1 
1 1 1 1 1 
1 1 1 1 1 
1 1 1 1 1 
1 1 1 1 1 
韦沙沙
0 1 0 1 0 
1 1 1 1 1 
0 0 0 0 0 
0 1 0 0 1 
0 1 0 0 1 
0 0 1 0 1 
黄萌萌
1 1 1 1 0 
1 1 0 0 0 
0 0 0 0 0 
0 0 1 0 1 
0 1 0 0 1 
1 1 1 1 1 